
Level	Total Required

Posted byu/Goumindong
2 years ago
5e experience table: How has no one noticed this before?
Or have they?
So here is a table of total experience points as well as the experience point differential in order to acquire each level.
lvl 1  0      0
lvl 2  300    300
lvl 3  900    600
lvl 4  2700   1800
lvl 5  6500   3800
lvl 6  14000  5100
lvl 7  23000  9000
lvl 8  34000  11000
lvl 9  48000  14000
lvl 10 64000  16000
lvl 11 85000  21000
lvl 12 100000 15000
lvl 13 120000 20000
lvl 14 140000 20000
lvl 15 165000 25000
lvl 16 195000 30000
lvl 17 225000 30000
lvl 18 265000 40000
lvl 19 305000 40000
lvl 20 355000 50000
21	400,000
22	460,000
23	520,000
24	590,000
25	660,000
26	740,000
27	820,000
28	910,000
29	1,000,000
30	1,100,000
31	1,200,000
32	1,310,000
33	1,420,000
34	1,540,000
35	1,660,000
36	1,790,000
37	1,920,000
38	2,060,000
39	2,200,000
40	2,350,000
41	2,500,000
42	2,660,000
43	2,820,000
44	2,990,000
45	3,160,000
46	3,340,000
47	3,520,000
48	3,610,000
49	3,800,000
50	4,000,000